1 08 07 6.57
1 15 37 -0.39
2 08 55 5.38
2 16 25 -1.74
3 09 45 5.26
3 17 14 -1.36
4 10 35 4.13
4 18 00 -1.15
5 11 28 3.48
5 18 46 -1.61
6 12 22 2.62
6 19 31 0.05
7 13 24 1.83
7 20 16 1.01
8 03 22 3.57
8 21 01 0.73
9 04 07 4.54
9 21 46 2.17
10 04 50 3.76
10 11 58 2.88
11 05 31 3.90
11 12 56 1.92
12 06 08 4.73
12 13 45 1.74
13 06 47 5.66
13 14 25 0.79
14 07 22 5.33
14 15 00 -0.04
15 07 59 5.23
15 15 34 -1.12
16 08 34 6.67
16 16 08 -0.61
17 09 10 4.74
17 16 41 -0.93
18 09 45 4.69
18 17 12 -1.29
19 10 21 4.20
19 17 45 0.22
20 10 57 3.68
20 18 15 0.26
21 11 38 2.47
21 18 48 0.36
22 12 25 2.59
22 19 20 0.99
23 02 22 4.10
23 19 52 1.87
24 02 58 3.17
24 20 30 1.60
25 03 37 3.71
25 10 44 3.10
26 04 23 4.04
26 11 55 2.49
27 05 15 4.07
27 12 57 2.18
28 06 09 5.93
28 13 50 0.70
29 07 05 6.89
29 14 39 0.21
30 07 58 6.72
30 15 27 0.22
31 08 50 6.77
31 16 10 -1.68
32 09 40 5.77
32 16 52 -1.32
33 10 30 4.35
33 17 34 -0.73
34 11 19 4.23
34 18 12 -0.38
35 12 10 2.24
35 18 49 -0.61
36 01 32 3.45
36 19 24 -0.46
37 02 13 4.13
37 20 00 1.21
38 02 54 3.34
38 09 54 2.58
39 03 39 3.32
39 11 15 3.26
40 04 29 5.21
40 12 22 2.39
41 05 21 4.83
41 13 14 2.41